011000101100110111000010111001101000110111
0101110011000101100000110010010111001100
0101110000110010011101001100100110001010
0000111010101110101110011110000111011001110
1000100000111000001110101110011110000111
0110011101001011000101100010110001011000
010000001011010100000110010111100001101
111110001111010000111101011001001100000110
00101101110101101011000001100010101101011
000001100010100000011000001100000111
0100110000011000001110100110000011000
001000000101101010000011101001101001110
11011100101111001111110011101110110001101111011
1101001100101110110011011101100101111010001
0000011100001101111111001011101000100000
01101010110100011001101100100110001
