1000011011010001100001011101000100000011100111100101
01110010111011001100101111001000100000110000101110100
0100000001100010110000001011100110000001011100110
0000010111001100010011001001100110011101001100010011
0010011001100110010011000100101110010000000100000
10101000110100111011010110100111011100110011111100110010
0000110100101101110010000001100010110010101110100111
011101100101110010101101110010000001110100111001001100
00111011100111001111011010110100111101000111010011001010
11001000100000011000111101000011000011110010011000
01110001101110100110010101110010111001100100000110000
10111001011001010010000011100100110010111011000110010
1111011001100001110111001110100010111000100000010000
0010000011101110001000001100101011110001110100011100
101100001001011000100000011101011101110011101011110011
01100101110010000100000111010001101001110110101101001
11011100110011101000000110110111000010111100101000000
11101001101000011100101101111011101110100000011110011101
111011101010100000011011111100110011001100101110
