0
1
2
3
4
5
1000011
6
7
8
9
10
11
12
13
01101000
0
1
2
3
4
5
1100001
6
7
8
9
10
11
12
13
01110100
0
1
2
3
4
5
0100000
6
7
8
9
10
11
12
13
01110011
0
1
2
3
4
5
1100101
6
7
8
9
10
11
12
13
01110010
0
1
2
3
4
5
1110110
6
7
8
9
10
11
12
13
01100101
0
1
2
3
4
5
1110010
6
7
8
9
10
11
12
13
00100000
0
1
2
3
4
5
1100001
6
7
8
9
10
11
12
13
01110100
0
1
2
3
4
5
0100000
6
7
8
9
10
11
12
13
00110001
0
1
2
3
4
5
0110000
6
7
8
9
10
11
12
13
00101110
0
1
2
3
4
5
0110000
6
7
8
9
10
11
12
13
00101110
0
1
2
3
4
5
0110000
6
7
8
9
10
11
12
13
00101110
0
1
2
3
4
5
0110001
6
7
8
9
10
11
12
13
00110010
0
1
2
3
4
5
0110011
6
7
8
9
10
11
12
13
00111010
0
1
2
3
4
5
0110001
6
7
8
9
10
11
12
13
00110010
0
1
2
3
4
5
0110011
6
7
8
9
10
11
12
13
00110010
0
1
2
3
4
5
0110001
6
7
8
9
10
11
12
13
00101110
0
1
2
3
4
5
0100000
6
7
8
9
10
11
12
13
00100000
0
1
2
3
4
5
1010100
6
7
8
9
10
11
12
13
01101001
0
1
2
3
4
5
1101101
6
7
8
9
10
11
12
13
01101001
0
1
2
3
4
5
1101110
6
7
8
9
10
11
12
13
01100111
0
1
2
3
4
5
1110011
6
7
8
9
10
11
12
13
00100000
0
1
2
3
4
5
1101001
6
7
8
9
10
11
12
13
01101110
0
1
2
3
4
5
0100000
6
7
8
9
10
11
12
13
01100010
0
1
2
3
4
5
1100101
6
7
8
9
10
11
12
13
01110100
0
1
2
3
4
5
1110111
6
7
8
9
10
11
12
13
01100101
0
1
2
3
4
5
1100101
6
7
8
9
10
11
12
13
01101110
0
1
2
3
4
5
0100000
6
7
8
9
10
11
12
13
01110100
0
1
2
3
4
5
1110010
6
7
8
9
10
11
12
13
01100001
0
1
2
3
4
5
1101110
6
7
8
9
10
11
12
13
01110011
0
1
2
3
4
5
1101101
6
7
8
9
10
11
12
13
01101001
0
1
2
3
4
5
1110100
6
7
8
9
10
11
12
13
01110100
0
1
2
3
4
5
1100101
6
7
8
9
10
11
12
13
01100100
0
1
2
3
4
5
0100000
6
7
8
9
10
11
12
13
01100011
0
1
2
3
4
5
1101000
6
7
8
9
10
11
12
13
01100001
0
1
2
3
4
5
1110010
6
7
8
9
10
11
12
13
01100001
0
1
2
3
4
5
1100011
6
7
8
9
10
11
12
13
01110100
0
1
2
3
4
5
1100101
6
7
8
9
10
11
12
13
01110010
0
1
2
3
4
5
1110011
6
7
8
9
10
11
12
13
00100000
0
1
2
3
4
5
1100001
6
7
8
9
10
11
12
13
01110010
0
1
2
3
4
5
1100101
6
7
8
9
10
11
12
13
00100000
0
1
2
3
4
5
1110010
6
7
8
9
10
11
12
13
01100101
0
1
2
3
4
5
1101100
6
7
8
9
10
11
12
13
01100101
0
1
2
3
4
5
1110110
6
7
8
9
10
11
12
13
01100001
0
1
2
3
4
5
1101110
6
7
8
9
10
11
12
13
01110100
0
1
2
3
4
5
0101110
6
7
8
9
10
11
12
13
00100000
0
1
2
3
4
5
0100000
6
7
8
9
10
11
12
13
01000001
0
1
2
3
4
5
1101110
6
7
8
9
10
11
12
13
00100000
0
1
2
3
4
5
1100101
6
7
8
9
10
11
12
13
01111000
0
1
2
3
4
5
1110100
6
7
8
9
10
11
12
13
01110010
0
1
2
3
4
5
1100001
6
7
8
9
10
11
12
13
00101100
0
1
2
3
4
5
0100000
6
7
8
9
10
11
12
13
01110101
0
1
2
3
4
5
1101110
6
7
8
9
10
11
12
13
01110101
0
1
2
3
4
5
1110011
6
7
8
9
10
11
12
13
01100101
0
1
2
3
4
5
1100100
6
7
8
9
10
11
12
13
00100000
0
1
2
3
4
5
1110100
6
7
8
9
10
11
12
13
01101001
0
1
2
3
4
5
1101101
6
7
8
9
10
11
12
13
01101001
0
1
2
3
4
5
1101110
6
7
8
9
10
11
12
13
01100111
0
1
2
3
4
5
0100000
6
7
8
9
10
11
12
13
01101101
0
1
2
3
4
5
1100001
6
7
8
9
10
11
12
13
01111001
0
1
2
3
4
5
0100000
6
7
8
9
10
11
12
13
01110100
0
1
2
3
4
5
1101000
6
7
8
9
10
11
12
13
01110010
0
1
2
3
4
5
1101111
6
7
8
9
10
11
12
13
01110111
0
1
2
3
4
5
0100000
6
7
8
9
10
11
12
13
01111001
0
1
2
3
4
5
1101111
6
7
8
9
10
11
12
13
01110101
0
1
2
3
4
5
0100000
6
7
8
9
10
11
12
13
01101111
0
1
2
3
4
5
1100110
6
7
8
9
10
11
12
13
01100110
0
1
2
3
4
5
0101110
6
Chat server at 10.0.0.123:12321.  Timings in between transmitted characters are relevant.  An extra, unused timing may throw you off.
